atlag=155/5;
sqrt(1/(5-1)*(4837-5*atlag^2))